Maven/src/main/resources/bin/Tricity_eudem_ascii.bin
ncols        575
nrows        236
xllcorner    17.941570446040
yllcorner    54.062899576982
dx           0.002779591170
dy           0.002780701876
NODATA_value  nan
[rows 96 to 119 of 236, columns 216 to 269 of 575]
70.9499969482421875 55.470001220703125 42.049999237060546875 35.04000091552734375 32.689998626708984375 23.370000839233398438 15.960000038146972656 4.7800002098083496094 3.1099998950958251953 0 0 0 0 0 0 0 0 0 0 0 0 0 0 0 0 0 0 0 0 0 0 0 0 0 0 0 0 0 0 0 0 0 0 0 0 0 0 0 0 0 0 0 0 0
52.340000152587890625 49.75 52.049999237060546875 54.1399993896484375 42.259998321533203125 24.989999771118164062 17.510000228881835938 6.1300001144409179688 5.25 5.4899997711181640625 0 0 0 0 0 0 0 0 0 0 0 0 0 0 0 0 0 0 0 0 0 0 0 0 0 0 0 0 0 0 0 0 0 0 0 0 0 0 0 0 0 0 0 0
94.6699981689453125 80.81999969482421875 63.470001220703125 41.75 34.34999847412109375 25.059999465942382812 19.280000686645507812 12.829999923706054688 4.9299998283386230469 3.1199998855590820312 3.75 0 0 0 0 0 0 0 0 0 0 0 0 0 0 0 0 0 0 0 0 0 0 0 0 0 0 0 0 0 0 0 0 0 0 0 0 0 0 0 0 0 0 0
87.3899993896484375 85.29000091552734375 63.54000091552734375 47.1399993896484375 35.68000030517578125 28.670000076293945312 20.649999618530273438 16.020000457763671875 10.020000457763671875 4.3899998664855957031 4.5799999237060546875 3.5799999237060546875 0 0 0 0 0 0 0 0 0 0 0 0 0 0 0 0 0 0 0 0 0 0 0 0 0 0 0 0 0 0 0 0 0 0 0 0 0 0 0 0 0 0
63.3899993896484375 50.020000457763671875 43 41.8899993896484375 43.279998779296875 30.68000030517578125 21.04000091552734375 16.45999908447265625 15.909999847412109375 7.1700000762939453125 3.7999999523162841797 3.6900000572204589844 3.1800000667572021484 0 0 0 0 0 0 0 0 0 0 0 0 0 0 0 0 0 0 0 0 0 0 0 0 0 0 0 0 0 0 0 0 0 0 0 0 0 0 0 0 0
84.410003662109375 78.4499969482421875 63.09999847412109375 40.15000152587890625 30.409999847412109375 26.68000030517578125 20.620000839233398438 18.5 17.260000228881835938 13.899999618530273438 6.4699997901916503906 6.4699997901916503906 5.0300002098083496094 3.6700000762939453125 0 0 0 0 0 0 0 0 0 0 0 0 0 0 0 0 0 0 0 0 0 0 0 0 0 0 0 0 0 0 0 0 0 0 0 0 0 0 0 0
92.26000213623046875 106.3300018310546875 99.8600006103515625 78.73000335693359375 60.34999847412109375 37.810001373291015625 25.090000152587890625 19.1100006103515625 15.039999961853027344 13.909999847412109375 10.720000267028808594 8 4.4200000762939453125 3.0299999713897705078 3.5699999332427978516 1.2699999809265136719 0 0 0 0 0 0 0 0 0 0 0 0 0 0 0 0 0 0 0 0 0 0 0 0 0 0 0 0 0 0 0 0 0 0 0 0 0 0
65.910003662109375 49.299999237060546875 50.490001678466796875 52.880001068115234375 47.279998779296875 37.25 25.450000762939453125 19.559999465942382812 17.340000152587890625 17.809999465942382812 13.789999961853027344 11.689999580383300781 8.909999847412109375 3.6300001144409179688 2.4700000286102294922 4.3600001335144042969 4.0300002098083496094 0 0 0 0 0 0 0 0 0 0 0 0 0 0 0 0 0 0 0 0 0 0 0 0 0 0 0 0 0 0 0 0 0 0 0 0 0
86.73000335693359375 75.84999847412109375 61.6699981689453125 45 33.299999237060546875 30.270000457763671875 28 23.559999465942382812 19.010000228881835938 15.520000457763671875 14.239999771118164062 12.020000457763671875 8.7200002670288085938 6.1300001144409179688 4.3600001335144042969 1.3600000143051147461 0.23999999463558197021 4.8299999237060546875 3.1900000572204589844 0 0 0 0 0 0 0 0 0 0 0 0 0 0 0 0 0 0 0 0 0 0 0 0 0 0 0 0 0 0 0 0 0 0 0
114.94000244140625 106.279998779296875 98.089996337890625 81.62000274658203125 71.34999847412109375 54.380001068115234375 35.029998779296875 24.579999923706054688 19.030000686645507812 16.1100006103515625 12.939999580383300781 10.039999961853027344 6.3600001335144042969 2.8599998950958251953 4.9000000953674316406 1.9900000095367431641 1.25 2.0599999427795410156 6.1300001144409179688 5.1399998664855957031 3.2599999904632568359 0 0 0 0 0 0 0 0 0 0 0 0 0 0 0 0 0 0 0 0 0 0 0 0 0 0 0 0 0 0 0 0 0
109.73000335693359375 97.8600006103515625 91.029998779296875 97.3300018310546875 88.1699981689453125 69.6999969482421875 39.68000030517578125 23.549999237060546875 18.670000076293945312 15.130000114440917969 14.68000030517578125 12.460000038146972656 12.25 13.020000457763671875 9.8000001907348632812 9.020000457763671875 5.8000001907348632812 4.0300002098083496094 3.2999999523162841797 3.5899999141693115234 3.0299999713897705078 3.0099999904632568359 0 0 0 0 0 0 0 0 0 0 0 0 0 0 0 0 0 0 0 0 0 0 0 0 0 0 0 0 0 0 0 0
103.410003662109375 110.87999725341796875 94.25 78.73999786376953125 69.55999755859375 56.6100006103515625 35.95999908447265625 25.1100006103515625 21.8899993896484375 17.120000839233398438 16.79000091552734375 16.45999908447265625 17.079999923706054688 13.899999618530273438 12.68000030517578125 9.1300001144409179688 9.4700002670288085938 10.689999580383300781 4.7800002098083496094 1.4700000286102294922 0.029999999329447746277 2.6700000762939453125 3.8099999427795410156 5.8200001716613769531 0 0 0 0 0 0 0 0 0 0 0 0 0 0 0 0 0 0 0 0 0 0 0 0 0 0 0 0 0 0
100.65000152587890625 100.31999969482421875 106.98999786376953125 97.529998779296875 67.6100006103515625 39.95999908447265625 27.940000534057617188 23.659999847412109375 19.8899993896484375 19.700000762939453125 17.780000686645507812 17.899999618530273438 17.06999969482421875 15.789999961853027344 12.020000457763671875 10.460000038146972656 8.6899995803833007812 8.5799999237060546875 9.9399995803833007812 6.25 2.1400001049041748047 2.3099999427795410156 1.7000000476837158203 8.93000030517578125 9.4899997711181640625 7.1500000953674316406 4.0500001907348632812 0 0 0 0 0 0 0 0 0 0 0 0 0 0 0 0 0 0 0 0 0 0 0 0 0 0 0
95.56999969482421875 72.90000152587890625 94.4199981689453125 83.5 56.3899993896484375 37.6399993896484375 27.049999237060546875 22.659999847412109375 22 20.3899993896484375 18 17.010000228881835938 15.760000228881835938 14.56999969482421875 13.68000030517578125 12.899999618530273438 12.68000030517578125 11.020000457763671875 8.4700002670288085938 7.4699997901916503906 5.8000001907348632812 4.0599999427795410156 2.3599998950958251953 0.37000000476837158203 1.0099999904632568359 4.0999999046325683594 8.5 9.8900003433227539062 4.2699999809265136719 0 0 0 0 0 0 0 0 0 0 0 0 0 0 0 0 0 0 0 0 0 0 0 0 0
64.910003662109375 49.810001373291015625 76.529998779296875 89.1399993896484375 53.009998321533203125 33.310001373291015625 30.260000228881835938 27.170000076293945312 23.020000457763671875 21.93000030517578125 20.090000152587890625 19.229999542236328125 18.010000228881835938 15.109999656677246094 16.010000228881835938 13.850000381469726562 13.619999885559082031 16.280000686645507812 13.090000152587890625 10.420000076293945312 8.020000457763671875 6.0300002098083496094 5.2399997711181640625 6.9800000190734863281 2.8800001144409179688 0.87999999523162841797 0.21999999880790710449 1.8899999856948852539 4.1399998664855957031 5.0399999618530273438 3.0399999618530273438 1.2599999904632568359 0 0 0 0 0 0 0 0 0 0 0 0.28999999165534973145 0.28999999165534973145 0 0 0 0 0 0 0 0 0
41.4199981689453125 40.529998779296875 38.40000152587890625 35.4199981689453125 32.65000152587890625 31.760000228881835938 28.770000457763671875 28.549999237060546875 27.239999771118164062 23.18000030517578125 21.670000076293945312 19.340000152587890625 18.340000152587890625 17.590000152587890625 15.899999618530273438 15.56999969482421875 14.350000381469726562 10.56999969482421875 8.7100000381469726562 7.909999847412109375 10.020000457763671875 9.6300001144409179688 5.6900000572204589844 5.3600001335144042969 3.9200000762939453125 4.340000152587890625 2.8099999427795410156 2.2200000286102294922 -0.51999998092651367188 0.0099999997764825820923 0.070000000298023223877 1.8200000524520874023 3.3800001144409179688 3.6300001144409179688 3.1600000858306884766 2.2999999523162841797 0 0 0 0 0 0.38999998569488525391 0 0 0 3.4000000953674316406 2.7300000190734863281 0 0 0 0 0 0 0
66.44000244140625 75.76000213623046875 49.65000152587890625 49.369998931884765625 50.79000091552734375 39.200000762939453125 31.870000839233398438 29.879999160766601562 27.329999923706054688 24.780000686645507812 23.549999237060546875 20.670000076293945312 18.340000152587890625 16.370000839233398438 16.340000152587890625 15.340000152587890625 14.010000228881835938 10.68000030517578125 11.31999969482421875 10.130000114440917969 10.130000114440917969 6.7800002098083496094 6.7800002098083496094 9.6899995803833007812 3.5799999237060546875 2.2799999713897705078 0.57999998331069946289 4.6100001335144042969 4.9299998283386230469 1.7100000381469726562 1.7100000381469726562 2.1500000953674316406 3.7100000381469726562 3.8199999332427978516 2.2699999809265136719 3.6900000572204589844 5.6100001335144042969 5.3899998664855957031 1.9400000572204589844 0.66000002622604370117 0 1.8400000333786010742 0.54000002145767211914 -2.5 -2.5 3.4400000572204589844 4.9600000381469726562 3.7699999809265136719 5.0100002288818359375 4.5199999809265136719 0 0 0 0
99.45999908447265625 82.59999847412109375 84.81999969482421875 101.6100006103515625 84.12999725341796875 66.68000030517578125 41.529998779296875 33.869998931884765625 26.989999771118164062 23.659999847412109375 21.879999160766601562 21.20999908447265625 19.079999923706054688 18.829999923706054688 16.090000152587890625 14.399999618530273438 12.529999732971191406 11.100000381469726562 11.840000152587890625 12.149999618530273438 6.7699999809265136719 5.9499998092651367188 6.8600001335144042969 6.0799999237060546875 6.9000000953674316406 6.7699999809265136719 1.3400000333786010742 0.94999998807907104492 2.0999999046325683594 3.7000000476837158203 3.7699999809265136719 3.4900000095367431641 1.379999995231628418 1.6000000238418579102 1.4900000095367431641 2.0799999237060546875 0.93000000715255737305 -0.5 -0.5 0.36000001430511474609 1.6100000143051147461 2.3900001049041748047 3.4700000286102294922 1.9099999666213989258 3.5799999237060546875 6.6100001335144042969 2.2200000286102294922 -2.5 -2.5 -2.5 2.9200000762939453125 0.31000000238418579102 0 0
117.09999847412109375 99.5800018310546875 101.84999847412109375 115.3300018310546875 98 96.84999847412109375 70.6399993896484375 39.720001220703125 31.6399993896484375 24.549999237060546875 21.659999847412109375 19.549999237060546875 18.579999923706054688 16.450000762939453125 15 12.340000152587890625 13.789999961853027344 12.010000228881835938 9.3800001144409179688 9.4600000381469726562 7.0199999809265136719 6.4600000381469726562 7.3200001716613769531 7.8000001907348632812 5.3600001335144042969 3.7200000286102294922 1.7000000476837158203 1.0399999618530273438 0.94999998807907104492 1.0399999618530273438 0.37999999523162841797 1.0599999427795410156 2.0399999618530273438 1.2599999904632568359 1.4700000286102294922 -1.7799999713897705078 2.6099998950958251953 0.72000002861022949219 -1.0700000524520874023 3.0399999618530273438 1.9600000381469726562 1.5 3.1199998855590820312 4.3200001716613769531 3.3900001049041748047 3.4400000572204589844 3.3900001049041748047 3.4000000953674316406 3.1800000667572021484 -2.5 -2.5 1.6799999475479125977 0.74000000953674316406 0.019999999552965164185
108.51999664306640625 118.970001220703125 118.79000091552734375 122.87000274658203125 115.720001220703125 93.43000030517578125 87.160003662109375 56.56999969482421875 35.590000152587890625 33.200000762939453125 26.440000534057617188 19.989999771118164062 18.030000686645507812 18.670000076293945312 17 14.890000343322753906 12.670000076293945312 13.310000419616699219 12.039999961853027344 10.119999885559082031 8.0100002288818359375 6.8000001907348632812 8.3500003814697265625 8.5799999237060546875 7.3600001335144042969 4.659999847412109375 5.3600001335144042969 3.7300000190734863281 2.25 2.3699998855590820312 0.37000000476837158203 0.090000003576278686523 1.370000004768371582 1.1499999761581420898 1.379999995231628418 3.3800001144409179688 1.379999995231628418 -1.0599999427795410156 -0.28000000119209289551 3.9000000953674316406 4.3899998664855957031 1.2899999618530273438 -2.25 -0.28000000119209289551 0.61000001430511474609 3.5099999904632568359 3.8199999332427978516 3.7300000190734863281 1.1799999475479125977 -2.5 1.5099999904632568359 1.2799999713897705078 4.0700001716613769531 1.3999999761581420898
125.529998779296875 125.87999725341796875 122.26999664306640625 105.76000213623046875 79.9199981689453125 81.34999847412109375 74.3600006103515625 62.75 41.840000152587890625 32.810001373291015625 26.379999160766601562 22.079999923706054688 20.06999969482421875 19.420000076293945312 19.20999908447265625 17 17.670000076293945312 15.359999656677246094 13.93000030517578125 14.460000038146972656 15.020000457763671875 10.770000457763671875 12.56999969482421875 14.25 7.6900000572204589844 6.6300001144409179688 2.7999999523162841797 4.3000001907348632812 3.1400001049041748047 3.1400001049041748047 0.92000001668930053711 -1.9600000381469726562 -1.9600000381469726562 -1.9600000381469726562 1.370000004768371582 1.0399999618530273438 0.10999999940395355225 1.1599999666213989258 1.6000000238418579102 2.2799999713897705078 1.2300000190734863281 -0.31999999284744262695 -1.2599999904632568359 -2.8299999237060546875 -1.7899999618530273438 -0.91000002622604370117 1.4299999475479125977 -2.5 -2.5 2.3099999427795410156 0.85000002384185791016 1.0900000333786010742 3.6400001049041748047 3.0699999332427978516
120.76999664306640625 105.44000244140625 102.79000091552734375 98.44000244140625 110.0800018310546875 101.06999969482421875 91.8899993896484375 67.529998779296875 52.979999542236328125 39.81999969482421875 30.760000228881835938 27.20999908447265625 25.329999923706054688 23.989999771118164062 23.549999237060546875 20.440000534057617188 15.880000114440917969 18.510000228881835938 15.229999542236328125 14.880000114440917969 13.220000267028808594 13.850000381469726562 11.560000419616699219 11.600000381469726562 9.2899999618530273438 9.1899995803833007812 9.3699998855590820312 6.9600000381469726562 4.2100000381469726562 2.7000000476837158203 -0.55000001192092895508 -0.80000001192092895508 -0.17000000178813934326 -0.20999999344348907471 1.870000004768371582 0.039999999105930328369 0.87999999523162841797 2.1700000762939453125 1.1599999666213989258 -0.28999999165534973145 0.37999999523162841797 1.0499999523162841797 -0.86000001430511474609 -0.94999998807907104492 0.38999998569488525391 0.82999998331069946289 -2.5 0.019999999552965164185 0.47999998927116394043 1.0299999713897705078 0.14000000059604644775 1.8099999427795410156 2.9800000190734863281 2.0699999332427978516
121.6999969482421875 121 114.51999664306640625 110.23000335693359375 96.84999847412109375 85.48000335693359375 78.0800018310546875 64.51000213623046875 52.0800018310546875 46.060001373291015625 36.65000152587890625 32.31999969482421875 27.25 22.879999160766601562 22.770000457763671875 22.549999237060546875 21 20 17.370000839233398438 15.779999732971191406 18.229999542236328125 18.5 13.239999771118164062 11.020000457763671875 10.56999969482421875 9.5799999237060546875 8.4399995803833007812 8.020000457763671875 6.4699997901916503906 4.3600001335144042969 1.7300000190734863281 2.0299999713897705078 1.0299999713897705078 1.7000000476837158203 -0.62999999523162841797 -0.62999999523162841797 -1.4800000190734863281 -0.18000000715255737305 -0.039999999105930328369 0.95999997854232788086 0.64999997615814208984 1.0499999523162841797 0.28999999165534973145 1.5399999618530273438 2.8499999046325683594 -2.5 -2.5 4.1700000762939453125 2.0899999141693115234 2.1700000762939453125 2.2799999713897705078 6.0999999046325683594 0.73000001907348632812 0.40000000596046447754
117.69000244140625 98.3899993896484375 102.1100006103515625 96.73999786376953125 83.68000030517578125 71.0800018310546875 73.01999664306640625 67.9199981689453125 75.220001220703125 72.05999755859375 52.04000091552734375 38.65000152587890625 32.5 28.659999847412109375 26.3600006103515625 23.3899993896484375 22.170000076293945312 20.299999237060546875 18.850000381469726562 17 14.979999542236328125 14.260000228881835938 14.06999969482421875 13.189999580383300781 13.859999656677246094 10.68000030517578125 10.369999885559082031 9.9499998092651367188 7.2300000190734863281 8.81999969482421875 8.6000003814697265625 6.9800000190734863281 1.9700000286102294922 0.029999999329447746277 0.039999999105930328369 1.3600000143051147461 2.0399999618530273438 2.0399999618530273438 2.0399999618530273438 -0.87000000476837158203 -1.620000004768371582 1.8400000333786010742 1.2100000381469726562 0.98000001907348632812 -2.5 1.6000000238418579102 3.1099998950958251953 1.2599999904632568359 2.2000000476837158203 2.1900000572204589844 0.0099999997764825820923 1.879999995231628418 1.6699999570846557617 2.1500000953674316406
