Maven/src/main/resources/bin/Tricity_eudem_ascii.bin
ncols        575
nrows        236
xllcorner    17.941570446040
yllcorner    54.062899576982
dx           0.002779591170
dy           0.002780701876
NODATA_value  nan
[rows 120 to 143 of 236, columns 270 to 323 of 575]
-0.60000002384185791016 2.4600000381469726562 5.840000152587890625 3.6199998855590820312 5.7100000381469726562 3.0699999332427978516 -0.58999997377395629883 0.10000000149011611938 0 0 0 0 0 0 0 0 0 0 0 0 0 0 0 0 0 0 0 0 0 0 0 0 0 0 0 0 0 0 0 0 0 0 0 0 0 0 0 0 0 0 0 0 0 0
1.3999999761581420898 1.7300000190734863281 2.0699999332427978516 5.9600000381469726562 7.0399999618530273438 6.6799998283386230469 7.0700001716613769531 3.4100000858306884766 0.74000000953674316406 0 0 0 0 0 0 0 0 0 0 0 0 0 0 0 0 0 0 0 0 0 0 0 0 0 0 0 0 0 0 0 0 0 0 0 0 0 0 0 0 0 0 0 0 0
3.4900000095367431641 3.0599999427795410156 2.0399999618530273438 1.9299999475479125977 2.2300000190734863281 3.3199999332427978516 5.159999847412109375 5.9499998092651367188 7.1399998664855957031 4.909999847412109375 0.28999999165534973145 0 0 0 0 0 0 0 0 0 0 0 0 0 0 0 0 0 0 0 0 0 0 0 0 0 0 0 0 0 0 0 0 0 0 0 0 0 0 0 0 0 0 0
2.8399999141693115234 2 2.7300000190734863281 2.7000000476837158203 1.0700000524520874023 2.7899999618530273438 2.7400000095367431641 5.590000152587890625 7.7199997901916503906 11.060000419616699219 8.6499996185302734375 5.840000152587890625 0.72000002861022949219 0.10000000149011611938 0 0 0 0 0 0 0 0 0 0 0 0 0 0 0 0 0 0 0 0 0 0 0 0 0 0 0 0 0 0 0 0 0 0 0 0 0 0 0 0
2.7300000190734863281 3.7000000476837158203 4.0599999427795410156 5.0599999427795410156 4.1799998283386230469 1.4299999475479125977 0.95999997854232788086 0.62000000476837158203 3.1800000667572021484 5.3699998855590820312 10.18000030517578125 10.850000381469726562 9.06999969482421875 5.9600000381469726562 4.8499999046325683594 -0.37000000476837158203 1.0800000429153442383 0.37999999523162841797 0.019999999552965164185 0.019999999552965164185 0.019999999552965164185 0.019999999552965164185 0.019999999552965164185 0.10000000149011611938 0 0 0 0 0 0 0 0 0 0 0 0 0 0 0 0 0 0 0 0 0 0 0 0 0 0 0 0 0 0
5.25 3.1300001144409179688 2.6199998855590820312 1.4400000572204589844 3.0599999427795410156 4.6199998855590820312 7.2899999618530273438 7.7399997711181640625 9.9600000381469726562 10.189999580383300781 11.06999969482421875 12.18000030517578125 10.920000076293945312 8.18000030517578125 6.5199999809265136719 9.409999847412109375 8.5299997329711914062 8.6400003433227539062 5.659999847412109375 7.1199998855590820312 6.8699998855590820312 8.729999542236328125 7.9000000953674316406 7 7.1399998664855957031 6.659999847412109375 6.75 3.4400000572204589844 1.2799999713897705078 1.4199999570846557617 0.38999998569488525391 -2.5 0 0 0 0 0 0 0 0 0 0 0 0 0 0 0 0 0 0 0 0 0 0
-1.3099999427795410156 -0.86000001430511474609 -3.1300001144409179688 -0.21999999880790710449 0.57999998331069946289 1.5800000429153442383 5.6399998664855957031 6.7399997711181640625 8.0600004196166992188 5.6100001335144042969 6.590000152587890625 8.5500001907348632812 9.8299999237060546875 10.550000190734863281 14.75 13.220000267028808594 12.630000114440917969 10.300000190734863281 10.109999656677246094 8.9700002670288085938 8.6400003433227539062 7.4200000762939453125 7.1900000572204589844 2.6199998855590820312 3.4200000762939453125 2.5699999332427978516 5.4699997901916503906 5.75 -1.3999999761581420898 0.52999997138977050781 -2.5 -2.5 -2.5 -0 0.10000000149011611938 0 0 0 0 0 0 0 0 0 0 0 0 0 0 0 0 0 0 0
-0.070000000298023223877 0.30000001192092895508 -0.61000001430511474609 -1.1799999475479125977 0.50999999046325683594 1.1699999570846557617 1.7899999618530273438 1.3999999761581420898 4.4899997711181640625 6.0700001716613769531 4.0700001716613769531 4.0700001716613769531 4.0700001716613769531 7.9600000381469726562 8.18000030517578125 8.5299997329711914062 10.189999580383300781 13.840000152587890625 13.979999542236328125 9.5299997329711914062 5.4600000381469726562 6.0999999046325683594 8.6300001144409179688 9.7100000381469726562 10.649999618530273438 8.3000001907348632812 7.0599999427795410156 7.3499999046325683594 -1.7300000190734863281 -1.7300000190734863281 -0.97000002861022949219 -2.5 -2.5 -2.5 -2.5 -2.5 -4.4600000381469726562 -1.129999995231628418 0.10000000149011611938 0 0 0 0 0 0 0 0 0 0 0 0 0 0 0
-0.17000000178813934326 -0.070000000298023223877 0.87999999523162841797 -0.60000002384185791016 0.14000000059604644775 1.0900000333786010742 1.1499999761581420898 2.4600000381469726562 3.2400000095367431641 4.4600000381469726562 5.9200000762939453125 4.4200000762939453125 5.25 5.4000000953674316406 5.7399997711181640625 8.1899995803833007812 6.409999847412109375 6.409999847412109375 9.2399997711181640625 8.520000457763671875 5.1900000572204589844 2.9500000476837158203 4.5199999809265136719 4.3000001907348632812 5.0500001907348632812 9.5399999618530273438 12.81999969482421875 13.170000076293945312 -1.7300000190734863281 -0.87999999523162841797 -1.9099999666213989258 -2.5 -2.5 -2.5 -2.5 -2.5 -2.5 -2.5 -2.5 -2.5 -2.5 1.0399999618530273438 2.6199998855590820312 0 0 0 0 0 0 0 0 0 0 0
0.10000000149011611938 0.43999999761581420898 1.0599999427795410156 0.36000001430511474609 1.0299999713897705078 1.7300000190734863281 1.3899999856948852539 1.7300000190734863281 2.0599999427795410156 1.3999999761581420898 1.3999999761581420898 0.75999999046325683594 0 -0.37000000476837158203 -0.93000000715255737305 -0.25999999046325683594 -0.81999999284744262695 -0.93000000715255737305 -1.620000004768371582 -0.15000000596046447754 2.4100000858306884766 4.3499999046325683594 4.6300001144409179688 6.1900000572204589844 8.75 15.630000114440917969 11.079999923706054688 9.340000152587890625 10.420000076293945312 9.9700002670288085938 1.5900000333786010742 -3.1300001144409179688 -2.5 -2.5 -2.4000000953674316406 -2 1.3200000524520874023 1.7599999904632568359 1.370000004768371582 -1.3500000238418579102 -0.56999999284744262695 -0.89999997615814208984 2.9800000190734863281 4.6500000953674316406 5.4299998283386230469 3.1500000953674316406 0.64999997615814208984 0 0 0 0 0 0 0
-2.5 -2.5 -2.5 -2.5 -2.5 -2.5 -2.5 -2.5 -2.5 -2.5 1.0599999427795410156 0.34000000357627868652 0.34000000357627868652 -2.5 -2.5 0.019999999552965164185 0.62999999523162841797 0.98000001907348632812 -1.5 -1.1499999761581420898 3.6300001144409179688 2.6500000953674316406 2.7400000095367431641 2.6300001144409179688 5.2100000381469726562 7.1399998664855957031 5.9899997711181640625 7.3699998855590820312 4.0999999046325683594 7.0100002288818359375 11.090000152587890625 13.550000190734863281 -2.5 -2.5 -2.4700000286102294922 -1.879999995231628418 -2.2400000095367431641 -2.5699999332427978516 -3.0199999809265136719 1.129999995231628418 2.8499999046325683594 3.0299999713897705078 3.3099999427795410156 4.5100002288818359375 6.8499999046325683594 5.2800002098083496094 6.3200001716613769531 4.0999999046325683594 2.4600000381469726562 1.6599999666213989258 0.10000000149011611938 0 0 0
1.0599999427795410156 0.93000000715255737305 -0.80000001192092895508 -0.15999999642372131348 -0.029999999329447746277 -0.62000000476837158203 -0.75999999046325683594 0.41999998688697814941 0.14000000059604644775 1.0299999713897705078 0.56000000238418579102 0.070000000298023223877 1.7100000381469726562 -0.56999999284744262695 -0.93000000715255737305 -2.5 -2.5 -2.5 -2.5 -1.5299999713897705078 -0.92000001668930053711 0.66000002622604370117 3.5999999046325683594 1.0499999523162841797 0.0099999997764825820923 0.38999998569488525391 -2.5 -2.5 -2.5 0.27000001072883605957 -0.82999998331069946289 -0.62000000476837158203 1.25 -2.5 -2.5 0.33000001311302185059 0.41999998688697814941 -0.77999997138977050781 -0.51999998092651367188 0.75999999046325683594 1.6799999475479125977 7.3600001335144042969 8.9499998092651367188 9.090000152587890625 8.1000003814697265625 4.5700001716613769531 5.5799999237060546875 6.1300001144409179688 4.2600002288818359375 6.159999847412109375 5.1900000572204589844 5.1799998283386230469 4.159999847412109375 2.1800000667572021484
0.070000000298023223877 0.40999999642372131348 0.82999998331069946289 1.0499999523162841797 -0.25 -0.93999999761581420898 -0.33000001311302185059 -0.15999999642372131348 -1.6699999570846557617 -1.8300000429153442383 -0.18000000715255737305 0.67000001668930053711 0.83999997377395629883 -0.039999999105930328369 -0.70999997854232788086 -2.4900000095367431641 -0.17000000178813934326 0.76999998092651367188 0.18000000715255737305 0.95999997854232788086 2.8499999046325683594 -2.5 -2.5 -2.5 -2.5 1.6599999666213989258 -1.5900000333786010742 -0.88999998569488525391 0.52999997138977050781 0.52999997138977050781 1.0800000429153442383 -2.5 -2.5 -2.5 -2.5 0.47999998927116394043 4.2300000190734863281 14.020000457763671875 19.090000152587890625 14.350000381469726562 14 12.609999656677246094 13.760000228881835938 11.649999618530273438 10.43000030517578125 10.770000457763671875 8.6499996185302734375 6.7600002288818359375 8.1300001144409179688 10.43000030517578125 10.31999969482421875 11.010000228881835938 10.43000030517578125 10.68000030517578125
-0.18999999761581420898 -0.019999999552965164185 -1.6100000143051147461 -0.17000000178813934326 -0.67000001668930053711 -1.0599999427795410156 -0.87999999523162841797 -0.82999998331069946289 0.0099999997764825820923 -0.93999999761581420898 -0.49000000953674316406 -0.28999999165534973145 0.019999999552965164185 0.28999999165534973145 -1.6000000238418579102 0.070000000298023223877 1.0700000524520874023 0.74000000953674316406 1.1799999475479125977 -0.81999999284744262695 -0.25999999046325683594 -1.1699999570846557617 0.95999997854232788086 0.74000000953674316406 0.43999999761581420898 -1.0099999904632568359 -0.92000001668930053711 -2.7999999523162841797 -2.7999999523162841797 -1.25 -0.57999998331069946289 -0.57999998331069946289 0.20000000298023223877 1.9900000095367431641 -2.5 -2.5 -2.5 -2.5 -2.5 -2.5 -2.5 0.73000001907348632812 1.4299999475479125977 1.4199999570846557617 3.7699999809265136719 4.8000001907348632812 5.8099999427795410156 8.340000152587890625 13.340000152587890625 13.989999771118164062 14.43000030517578125 10 13.100000381469726562 9.0100002288818359375
-1.2000000476837158203 -1.120000004768371582 -0.94999998807907104492 -1.7300000190734863281 -0.94999998807907104492 -0.28000000119209289551 -1 -2.4000000953674316406 -2.8499999046325683594 -0.15000000596046447754 -0.87999999523162841797 0.81000000238418579102 -2.5099999904632568359 -2.4000000953674316406 -1.629999995231628418 1.4600000381469726562 5.090000152587890625 0.31999999284744262695 1.2799999713897705078 2.4300000667572021484 2.0699999332427978516 3.8399999141693115234 1.870000004768371582 -1.9500000476837158203 -1.8400000333786010742 -1.9400000572204589844 -2.9200000762939453125 -2.9100000858306884766 -2.1900000572204589844 -2.6099998950958251953 -2.8299999237060546875 -2.8599998950958251953 -2.8900001049041748047 -2.5699999332427978516 -0.15999999642372131348 -0.91000002622604370117 -2.5 -2.5 -2.5 -2.5 -2.5 -2.5 -2.5 -2.5 -2.5 -2.5 -2.5 5.8299999237060546875 6.7399997711181640625 3.7000000476837158203 7.7600002288818359375 10.18000030517578125 13.31999969482421875 18.059999465942382812
-0.30000001192092895508 -1.6900000572204589844 -1.8899999856948852539 -2.0999999046325683594 -1.1900000572204589844 -2.7100000381469726562 -2 -2.9400000572204589844 -2.2799999713897705078 -1.6100000143051147461 -1.8300000429153442383 -1.379999995231628418 -1.0299999713897705078 -1.9400000572204589844 -2.5999999046325683594 -2.2699999809265136719 1.8500000238418579102 2.4300000667572021484 1.2899999618530273438 1.8500000238418579102 3.3499999046325683594 -1.2599999904632568359 -1.370000004768371582 -0.25999999046325683594 -1.5599999427795410156 -2.0299999713897705078 0.019999999552965164185 -0.0099999997764825820923 -1.0299999713897705078 -2.25 -2.8599998950958251953 -2.3599998950958251953 -1.9199999570846557617 -2.1600000858306884766 -2.7999999523162841797 -1.9099999666213989258 -1.9099999666213989258 0.31000000238418579102 -1.5800000429153442383 -1.9099999666213989258 0.20000000298023223877 -2.2100000381469726562 -1.2999999523162841797 -1.7899999618530273438 -1.629999995231628418 -2.5 -2.5 -2.5 -2.5 3.0099999904632568359 0.44999998807907104492 0.37000000476837158203 5.5700001716613769531 5.2600002288818359375
-0.62000000476837158203 -0.94999998807907104492 -0.73000001907348632812 -1.6499999761581420898 -0.94999998807907104492 1.2799999713897705078 1.2100000381469726562 0.059999998658895492554 -1.9400000572204589844 -2.6099998950958251953 -2.0299999713897705078 -2.6099998950958251953 -2.3900001049041748047 -3.9400000572204589844 -3.5999999046325683594 -2.7100000381469726562 -1.379999995231628418 -0.62999999523162841797 0.50999999046325683594 -0.5 -0.56999999284744262695 -1.5900000333786010742 -0.15000000596046447754 -1.9299999475479125977 -2.6199998855590820312 0.40999999642372131348 0.5 1.0199999809265136719 -1.9199999570846557617 -2.25 -1.9800000190734863281 -2.25 -1.9199999570846557617 -2.5799999237060546875 -2.1400001049041748047 -1.8899999856948852539 -1.9099999666213989258 -2.6900000572204589844 0.68999999761581420898 0.75 -1.0199999809265136719 -1.5800000429153442383 -2.7899999618530273438 -1.9099999666213989258 -1.5800000429153442383 -1.5800000429153442383 -2.6900000572204589844 -1.629999995231628418 -2.5 -2.5 -2.5 -0.62999999523162841797 -1.2400000095367431641 -0.91000002622604370117
-2.4000000953674316406 -1.9500000476837158203 -1.2799999713897705078 -1.8899999856948852539 -1.6699999570846557617 1.3899999856948852539 -0.68000000715255737305 -1.6699999570846557617 -1.0199999809265136719 -0.93999999761581420898 -1.120000004768371582 -3.1500000953674316406 -1.3500000238418579102 -1.7200000286102294922 -0.30000001192092895508 0.73000001907348632812 -1.5700000524520874023 -2.0099999904632568359 -2.5699999332427978516 -1.0800000429153442383 0.059999998658895492554 -1.6000000238418579102 -1.8999999761581420898 -3.5699999332427978516 -1.0099999904632568359 -1.5299999713897705078 -1.9099999666213989258 -1.129999995231628418 -2.3699998855590820312 -4.25 -1.3400000333786010742 -2.25 -1.9199999570846557617 -1.3400000333786010742 -1.1399999856948852539 -2.5799999237060546875 -2.5799999237060546875 -3.5799999237060546875 -2.8499999046325683594 -1.9099999666213989258 -0.91000002622604370117 -1.25 -1.6100000143051147461 -0.91000002622604370117 -0.97000002861022949219 -1.5800000429153442383 -0.57999998331069946289 -0.51999998092651367188 0.75999999046325683594 1.5399999618530273438 -2.5 -2.5 -1.9099999666213989258 -1.9099999666213989258
-1.2300000190734863281 -1.129999995231628418 -1.0399999618530273438 -1.6900000572204589844 -1.1699999570846557617 -1.25 -1.8600000143051147461 -1.3899999856948852539 -1.3099999427795410156 -1.8300000429153442383 -2 -1.9400000572204589844 -3.0699999332427978516 -1.2699999809265136719 -0.93999999761581420898 -1.9400000572204589844 -3.2699999809265136719 -2.2699999809265136719 -1.8200000524520874023 -2.7100000381469726562 -1.870000004768371582 -1.5700000524520874023 -0.93000000715255737305 -2.0199999809265136719 -0.10999999940395355225 -1.5 -0.92000001668930053711 -3.1099998950958251953 -3.0199999809265136719 -2.6500000953674316406 -2.8399999141693115234 -3.0999999046325683594 -1.9199999570846557617 -1.8500000238418579102 -1.7300000190734863281 -1.9900000095367431641 -2.3499999046325683594 -1.5199999809265136719 -1.0700000524520874023 -2.7400000095367431641 -1.8500000238418579102 -1.0900000333786010742 -1.9299999475479125977 -2.2999999523162841797 -3.0099999904632568359 -2.9100000858306884766 -3.8199999332427978516 -2.9000000953674316406 -1.8200000524520874023 -1.9500000476837158203 -2.5 -2.5 -2.5 0.63999998569488525391
-2.7300000190734863281 -1.9500000476837158203 -1.2899999618530273438 -1.8600000143051147461 -2.3399999141693115234 -1.8500000238418579102 -2.8599998950958251953 -2.2200000286102294922 -1.9400000572204589844 -2.7699999809265136719 -1.7599999904632568359 -1.9700000286102294922 -2.6800000667572021484 -2 -1.9400000572204589844 -2.8800001144409179688 -4.4499998092651367188 -1.870000004768371582 -1.2699999809265136719 -1.379999995231628418 -0.56999999284744262695 -2.0799999237060546875 -2.9300000667572021484 -2.5899999141693115234 -1.6499999761581420898 -3.3699998855590820312 -3.9200000762939453125 -2.5899999141693115234 -2.8099999427795410156 -1.9500000476837158203 -3.2200000286102294922 -3.4800000190734863281 -2.0299999713897705078 -2.1600000858306884766 -0.81000000238418579102 -2.5799999237060546875 -2.9200000762939453125 -2.25 -1.8300000429153442383 -1.6900000572204589844 -3.1400001049041748047 -2.5799999237060546875 -2.9100000858306884766 -3.9100000858306884766 -3.8499999046325683594 -2.9100000858306884766 -0.80000001192092895508 -2.9100000858306884766 -3.5799999237060546875 -2.1300001144409179688 -3.2699999809265136719 -2.5 -2.5 -1.6799999475479125977
-2.4000000953674316406 -2.2300000190734863281 -1.620000004768371582 -2.5599999427795410156 -2.8399999141693115234 -2.25 -1.9500000476837158203 -2.1700000762939453125 -1.7200000286102294922 -0.43000000715255737305 -2.6099998950958251953 -1.5 -0.95999997854232788086 -0.33000001311302185059 -0.17000000178813934326 -1 -1.5399999618530273438 -2.0199999809265136719 -2.4500000476837158203 -0.34999999403953552246 -0.82999998331069946289 -1.1699999570846557617 -1.2599999904632568359 -1.8400000333786010742 -3.5 -2.3800001144409179688 -2.9200000762939453125 -2.8399999141693115234 -3.0799999237060546875 -3.6600000858306884766 -2.5599999427795410156 -1.3400000333786010742 -1.1000000238418579102 -0.41999998688697814941 -2.7999999523162841797 -2.8399999141693115234 -3.0099999904632568359 -3.0099999904632568359 -2.9200000762939453125 -1.9199999570846557617 -1.8300000429153442383 -2.9100000858306884766 -3.0799999237060546875 -2.9700000286102294922 -2.8299999237060546875 -2.8199999332427978516 -2.0599999427795410156 -1.9900000095367431641 -2.9100000858306884766 -2.1500000953674316406 -2.75 -1 -2.5 -2.5
-1.0499999523162841797 -1.620000004768371582 -1.9500000476837158203 -2.6199998855590820312 -1.620000004768371582 -1.0399999618530273438 -1.9500000476837158203 -1.5 -3.6099998950958251953 -2.3399999141693115234 -2.3900001049041748047 -2.2699999809265136719 -2.2699999809265136719 -2.6099998950958251953 -1.9400000572204589844 -3.1600000858306884766 -2.1600000858306884766 -2.2400000095367431641 -1.2699999809265136719 -2.0399999618530273438 -1.9299999475479125977 -3.1700000762939453125 -2.3699998855590820312 -1.370000004768371582 -2.5899999141693115234 -2.9300000667572021484 -2.5299999713897705078 -2.5899999141693115234 -1.1499999761581420898 -1.2599999904632568359 -1.8099999427795410156 0.40999999642372131348 0.86000001430511474609 -3.4100000858306884766 -2.1400001049041748047 -2.3099999427795410156 -2.25 -2.9200000762939453125 -2.8599998950958251953 -2.8599998950958251953 -3.1400001049041748047 -3.5799999237060546875 -3.3099999427795410156 -2.4700000286102294922 -2.9400000572204589844 -2.5799999237060546875 -2.4700000286102294922 -2 -1.9099999666213989258 -2.7999999523162841797 -3.2699999809265136719 -2.9700000286102294922 -1.3500000238418579102 1.1100000143051147461
-1.629999995231628418 -1.5599999427795410156 -2.6199998855590820312 -2.3199999332427978516 -2.6199998855590820312 -2.6500000953674316406 -2.8900001049041748047 -1.1699999570846557617 -1.9500000476837158203 -2.8599998950958251953 -2.6099998950958251953 -0.15999999642372131348 -1.2699999809265136719 -1.0499999523162841797 -1.0499999523162841797 -0.27000001072883605957 -0.82999998331069946289 -1.8500000238418579102 -2.2699999809265136719 -0.81999999284744262695 -1.2699999809265136719 -1.5700000524520874023 -1.2599999904632568359 -2.5999999046325683594 -2.2599999904632568359 -1.1499999761581420898 -1.620000004768371582 -2.3699998855590820312 -2.5899999141693115234 -1.6499999761581420898 -1.2599999904632568359 -0.25999999046325683594 -1.9199999570846557617 -2.5299999713897705078 -3.1400001049041748047 -2.5899999141693115234 -3.3599998950958251953 -1.9199999570846557617 -2.9200000762939453125 -1.3400000333786010742 -2.25 -2.5799999237060546875 -3.8599998950958251953 -3.1400001049041748047 -2.5499999523162841797 -2.25 -1.4700000286102294922 -1.3300000429153442383 -2.5799999237060546875 -2.0199999809265136719 -2 -3.7400000095367431641 2.8699998855590820312 33.34999847412109375
-1.3500000238418579102 -1.620000004768371582 -1.9600000381469726562 -2.7000000476837158203 -1.7100000381469726562 -1.8899999856948852539 -2.0399999618530273438 -1.0700000524520874023 -0.73000001907348632812 -3.5199999809265136719 -2.8299999237060546875 -1.7799999713897705078 -2.0199999809265136719 -1.6100000143051147461 -1.6699999570846557617 -1.9400000572204589844 -1.3600000143051147461 -1.1100000143051147461 -1.1100000143051147461 -0.56999999284744262695 -1.0199999809265136719 -1.1799999475479125977 -1.8400000333786010742 -1.9299999475479125977 -2.6800000667572021484 -2.9000000953674316406 -2.75 -3.8099999427795410156 -2.2899999618530273438 -1.9199999570846557617 -2.5999999046325683594 -2.2000000476837158203 -2.0099999904632568359 -1.7799999713897705078 -1.3400000333786010742 -2.5899999141693115234 -2.0099999904632568359 -2.8599998950958251953 -2.9200000762939453125 -2.75 -2.2200000286102294922 -2.0899999141693115234 -2.9200000762939453125 -2.8900001049041748047 -3.0799999237060546875 -2.9100000858306884766 -2.2200000286102294922 -1.75 -2.7400000095367431641 -3.5199999809265136719 -3 -2.9100000858306884766 -3.1300001144409179688 1.4299999475479125977
